-97.0704 -34.272 346.19
-95.6062 -35.0411 346.058
-95.3475 -37.2462 347.496
-94.9808 -36.3579 346.897
-97.1194 -35.2229 346.301
-97.6879 -36.4708 347.356
-96.4364 -37.005 347.376
-95.6062 -35.0411 346.058
-94.9808 -36.3579 346.897
-95.6062 -35.0411 346.058
-92.7524 -36.0655 347.664
-92.7524 -36.0655 347.664
-99.0528 -33.7241 347.32
-97.0704 -34.272 346.19
-94.2363 -35.3011 346.733
-92.9653 -34.644 347.328
-97.0704 -34.272 346.19
-97.0704 -34.272 346.19
-97.0704 -34.272 346.19
-92.9653 -34.644 347.328
-93.8407 -33.0476 347.451
-95.648 -33.8684 346.145
-96.9227 -32.7095 346.855
-96.251 -31.6033 347.819
-95.3893 -32.6724 346.931
-97.9081 -37.6608 349.12
-99.3041 -35.4121 347.686
-97.6879 -36.4708 347.356
-93.7788 -37.403 348.083
-92.7524 -36.0655 347.664
-92.7524 -36.0655 347.664
-90.9042 -36.5772 348.619
-97.6879 -36.4708 347.356
-91.964 -35.035 347.943
-90.2398 -35.1028 348.727
-99.3657 -34.5029 347.485
-100.867 -34.1008 348.927
-92.9653 -34.644 347.328
-90.2398 -35.1028 348.727
-100.867 -34.1008 348.927
-100.867 -34.1008 348.927
-92.9653 -34.644 347.328
-91.3144 -33.7996 348.536
-90.2398 -35.1028 348.727
-98.1692 -32.7404 347.214
-98.1692 -32.7404 347.214
-93.8407 -33.0476 347.451
-95.1566 -30.7942 348.955
-91.3144 -33.7996 348.536
-97.5973 -31.3987 348.331
-96.251 -31.6033 347.819
-92.1603 -37.5647 348.701
-93.8796 -38.4664 349.49
-99.2668 -36.6868 348.718
-95.6673 -38.5331 349.744
-95.3475 -37.2462 347.496
-93.8796 -38.4664 349.49
-93.7788 -37.403 348.083
-92.1603 -37.5647 348.701
-92.1603 -37.5647 348.701
-89.3506 -37.2914 349.875
-89.933 -36.3901 349.125
-99.2668 -36.6868 348.718
-99.2668 -36.6868 348.718
-88.715 -36.2794 349.845
-100.837 -36.27 349.672
-89.933 -36.3901 349.125
-90.9042 -36.5772 348.619
-88.715 -36.2794 349.845
-102.006 -34.0117 350.318
-101.673 -35.38 349.986
-88.6024 -34.9802 349.741
-99.8524 -32.7391 348.616
-91.3144 -33.7996 348.536
-91.1707 -31.7419 349.851
-101.722 -31.9489 351.302
-99.8524 -32.7391 348.616
-91.1707 -31.7419 349.851
-97.5973 -31.3987 348.331
-97.5973 -31.3987 348.331
-97.7463 -30.0467 350.139
-96.4131 -30.3926 349.302
-95.1566 -30.7942 348.955
-91.1707 -31.7419 349.851
-96.206 -29.4155 350.557
-95.1566 -30.7942 348.955
-96.5005 -38.9986 351.309
-95.6673 -38.5331 349.744
-95.1177 -39.7469 352.617
-93.7603 -39.6314 352.076
-92.17 -38.934 350.538
-91.2817 -39.9894 353.047
-101.186 -37.9173 351.906
-95.6673 -38.5331 349.744
-97.9081 -37.6608 349.12
-90.6751 -38.2207 349.957
-101.553 -36.5068 350.552
-97.9081 -37.6608 349.12
-90.6751 -38.2207 349.957
-88.789 -37.93 350.919
-100.837 -36.27 349.672
-88.715 -36.2794 349.845
-101.553 -36.5068 350.552
-100.837 -36.27 349.672
-88.715 -36.2794 349.845
-87.1583 -36.3484 351.197
-87.1583 -36.3484 351.197
-102.006 -34.0117 350.318
-102.77 -36.0809 351.427
-100.867 -34.1008 348.927
-89.0198 -33.6228 349.787
-89.0198 -33.6228 349.787
-101.722 -31.9489 351.302
-89.0198 -33.6228 349.787
-100.057 -30.6316 350.918
-91.1707 -31.7419 349.851
-90.4348 -30.578 351.121
-97.7463 -30.0467 350.139
-97.6129 -28.5535 352.078
-96.206 -29.4155 350.557
-95.1566 -30.7942 348.955
-94.4046 -28.6274 351.944
-92.5708 -29.2757 351.696
-98.9775 -38.9544 352.587
-96.5005 -38.9986 351.309
-92.17 -38.934 350.538
-89.9287 -38.9465 351.371
-89.4221 -39.6895 353.222
-101.186 -37.9173 351.906
-89.9287 -38.9465 351.371
-87.7797 -39.0469 353.269
-102.77 -36.0809 351.427
-102.77 -36.0809 351.427
-102.77 -36.0809 351.427
-87.1583 -36.3484 351.197
-88.789 -37.93 350.919
-103.291 -37.3377 353.318
-103.488 -34.6005 351.953
-86.2232 -34.8214 351.736
-86.5579 -33.6315 351.721
-105.031 -33.6654 353.428
-103.488 -34.6005 351.953
-86.2232 -34.8214 351.736
-102.804 -32.9915 351.731
-88.269 -32.1737 351.146
-88.269 -32.1737 351.146
-86.6115 -32.1622 352.634
-86.6115 -32.1622 352.634
-102.804 -32.9915 351.731
-88.0705 -30.5366 352.965
-101.96 -29.8366 353.186
-90.4348 -30.578 351.121
-90.4348 -30.578 351.121
-100.057 -30.6316 350.918
-100.057 -30.6316 350.918
-97.7463 -30.0467 350.139
-90.4348 -30.578 351.121
-97.6129 -28.5535 352.078
-96.206 -29.4155 350.557
-94.4046 -28.6274 351.944
-95.1177 -39.7469 352.617
-95.1177 -39.7469 352.617
-92.6863 -40.3931 354.025
-102.377 -37.9271 353.156
-87.7797 -39.0469 353.269
-84.8788 -37.4248 353.699
-103.291 -37.3377 353.318
-84.4877 -35.424 353.114
-83.6296 -36.0858 353.81
-104.15 -36.1722 353.124
-85.8594 -36.5873 352.497
-84.4877 -35.424 353.114
-105.236 -34.9398 353.661
-86.2232 -34.8214 351.736
-84.2562 -33.5856 353.584
-84.2562 -33.5856 353.584
-105.283 -31.9669 354.192
-85.3698 -33.822 352.626
-86.6115 -32.1622 352.634
-103.621 -31.9708 352.976
-103.621 -31.9708 352.976
-101.96 -29.8366 353.186
-88.0705 -30.5366 352.965
-87.2252 -30.2556 354.395
-100.174 -29.0407 352.699
-100.436 -28.289 353.809
-94.4046 -28.6274 351.944
-92.4046 -28.1926 353.615
-89.8832 -29.2129 353.452
-98.6462 -27.3361 354.721
-96.7795 -27.1825 354.626
-97.6129 -28.5535 352.078
-94.4046 -28.6274 351.944
-99.5702 -39.94 354.806
-98.305 -41.2585 356.621
-91.2817 -39.9894 353.047
-91.2817 -39.9894 353.047
-102.818 -39.0526 355.771
-96.7411 -39.8172 353.369
-88.4953 -40.3052 355.241
-87.7797 -39.0469 353.269
-87.7797 -39.0469 353.269
-103.601 -38.1499 354.712
-103.601 -38.1499 354.712
-102.818 -39.0526 355.771
-98.9775 -38.9544 352.587
-86.4095 -37.9307 353.097
-86.1286 -38.9086 354.355
-84.8788 -37.4248 353.699
-103.601 -38.1499 354.712
-104.729 -37.2781 354.688
-84.8788 -37.4248 353.699
-83.6296 -36.0858 353.81
-106.085 -36.2909 355.032
-106.085 -36.2909 355.032
-82.2274 -36.4461 355.154
-82.2274 -36.4461 355.154
-106.907 -33.4722 354.879
-81.1693 -35.0656 355.86
-105.031 -33.6654 353.428
-84.2562 -33.5856 353.584
-84.2562 -33.5856 353.584
-106.499 -31.712 355.081
-105.031 -33.6654 353.428
-105.283 -31.9669 354.192
-84.2562 -33.5856 353.584
-84.2562 -33.5856 353.584
-85.7123 -32.0606 353.624
-106.499 -31.712 355.081
-105.283 -31.9669 354.192
-85.7123 -32.0606 353.624
-85.7123 -32.0606 353.624
-101.96 -29.8366 353.186
-86.9627 -29.7526 356.032
-100.436 -28.289 353.809
-92.4046 -28.1926 353.615
-91.6358 -27.8144 355.203
-100.436 -28.289 353.809
-96.7795 -27.1825 354.626
-91.6358 -27.8144 355.203
-96.7795 -27.1825 354.626
-93.4725 -26.3536 357.189
-92.3623 -26.8365 356.835
-99.5702 -39.94 354.806
-102.047 -40.059 357.321
-95.1177 -39.7469 352.617
-92.6863 -40.3931 354.025
-91.2099 -41.2187 356.387
-86.9108 -39.5794 354.843
-102.047 -40.059 357.321
-86.9108 -39.5794 354.843
-84.4847 -38.965 355.641
-104.91 -38.3462 356.261
-106.414 -37.2132 356.15
-103.601 -38.1499 354.712
-83.2974 -37.7391 355.144
-107.427 -35.8902 356.089
-104.729 -37.2781 354.688
-106.085 -36.2909 355.032
-82.2274 -36.4461 355.154
-82.1729 -34.0853 355.041
-81.1693 -35.0656 355.86
-106.907 -33.4722 354.879
-106.858 -34.9658 355.082
-109.761 -32.3831 357.147
-84.5456 -31.885 355.147
-81.1619 -33.8296 356.399
-106.499 -31.712 355.081
-107.866 -32.2633 355.792
-84.5456 -31.885 355.147
-106.499 -31.712 355.081
-85.5171 -31.1037 355.215
-87.2252 -30.2556 354.395
-104.44 -30.1143 355.019
-86.9627 -29.7526 356.032
-100.436 -28.289 353.809
-102.415 -28.2693 355.504
-92.3623 -26.8365 356.835
-90.72 -27.6541 356.641
-98.6462 -27.3361 354.721
-98.6462 -27.3361 354.721
-99.6997 -41.2268 357.59
-98.305 -41.2585 356.621
-96.0007 -40.7512 355.195
-93.5113 -41.3383 356.454
-96.0007 -40.7512 355.195
-91.2099 -41.2187 356.387
-91.2099 -41.2187 356.387
-91.2099 -41.2187 356.387
-88.4953 -40.3052 355.241
-88.9181 -41.2108 357.222
-88.4953 -40.3052 355.241
-85.1782 -41.3065 360.208
-105.171 -39.0068 357.758
-85.5486 -40.0055 356.591
-85.5486 -40.0055 356.591
-107.013 -37.9298 357.9
-102.818 -39.0526 355.771
-84.4847 -38.965 355.641
-83.2974 -37.7391 355.144
-107.013 -37.9298 357.9
-104.91 -38.3462 356.261
-82.2827 -37.9206 356.733
-82.2827 -37.9206 356.733
-107.683 -36.7041 357.115
-80.922 -37.1245 357.895
-80.922 -37.1245 357.895
-81.4284 -36.5627 356.506
-79.9401 -36.1742 358.232
-107.683 -36.7041 357.115
-107.683 -36.7041 357.115
-107.427 -35.8902 356.089
-81.1693 -35.0656 355.86
-81.1693 -35.0656 355.86
-80.7944 -35.493 356.617
-106.858 -34.9658 355.082
-80.9323 -33.2589 357.312
-108.991 -33.8393 356.682
-80.9323 -33.2589 357.312
-109.761 -32.3831 357.147
-109.761 -32.3831 357.147
-84.5456 -31.885 355.147
-110.342 -31.2241 357.752
-84.1203 -31.5209 356.765
-84.8815 -30.3422 358.44
-109.241 -30.2014 357.536
-106.619 -30.7947 355.747
-107.078 -29.5821 357.062
-105.002 -28.1303 357.579
-104.44 -30.1143 355.019
-87.3371 -28.8428 357.938
-86.3479 -29.5602 357.666
-102.415 -28.2693 355.504
-90.3448 -26.8524 358.265
-89.6674 -27.3915 358.252
-101.749 -27.027 356.577
-96.7795 -27.1825 354.626
-90.72 -27.6541 356.641
-90.72 -27.6541 356.641
-98.5 -26.1453 356.86
-95.5922 -25.3732 358.07
-93.4725 -26.3536 357.189
-96.3478 -41.7453 357.535
-97.463 -42.0726 358.531
-97.463 -42.0726 358.531
-90.4262 -42.1999 358.895
-88.9181 -41.2108 357.222
-101.119 -41.0515 358.899
-85.1782 -41.3065 360.208
-106.482 -39.1291 359.695
-102.047 -40.059 357.321
-83.8629 -39.9237 358.177
-106.482 -39.1291 359.695
-83.4904 -39.1962 357.102
-80.922 -37.1245 357.895
-107.683 -36.7041 357.115
-108.519 -36.6404 358.355
-107.683 -36.7041 357.115
-79.4375 -35.1882 358.58
-79.5924 -34.0972 358.731
-79.5924 -34.0972 358.731
-80.4543 -34.3121 357.281
-110.209 -33.5789 357.899
-110.209 -33.5789 357.899
-81.0361 -32.406 359.261
-81.0361 -32.406 359.261
-110.342 -31.2241 357.752
-112.121 -30.6466 359.06
-83.627 -31.2213 358.668
-81.0361 -32.406 359.261
-110.579 -29.7746 358.33
-111.548 -29.3405 359.007
-110.342 -31.2241 357.752
-84.1203 -31.5209 356.765
-109.241 -30.2014 357.536
-109.241 -30.2014 357.536
-84.8815 -30.3422 358.44
-107.078 -29.5821 357.062
-107.25 -27.8083 358.631
-86.3479 -29.5602 357.666
-106.317 -26.6502 359.36
-87.3371 -28.8428 357.938
-87.3371 -28.8428 357.938
-85.996 -29.0457 358.87
-103.085 -27.5214 356.985
-103.085 -27.5214 356.985
-92.3623 -26.8365 356.835
-92.3623 -26.8365 356.835
-101.749 -27.027 356.577
-103.085 -27.5214 356.985
-101.135 -25.9968 357.347
-95.5922 -25.3732 358.07
-93.559 -25.0833 358.631
-93.4725 -26.3536 357.189
-100.642 -24.7376 358.577
-98.5 -26.1453 356.86
-95.5922 -25.3732 358.07
-99.1123 -42.1018 359.787
-99.1123 -42.1018 359.787
-97.463 -42.0726 358.531
-93.9586 -42.0379 358.222
-90.4262 -42.1999 358.895
-101.119 -41.0515 358.899
-99.6997 -41.2268 357.59
-101.119 -41.0515 358.899
-97.9079 -41.8456 358.003
-90.4262 -42.1999 358.895
-85.1782 -41.3065 360.208
-105.328 -39.9685 360.362
-103.029 -40.8603 360.722
-85.1782 -41.3065 360.208
-83.8629 -39.9237 358.177
-106.482 -39.1291 359.695
-107.013 -37.9298 357.9
-80.922 -37.1245 357.895
-108.299 -37.8575 360.014
-80.922 -37.1245 357.895
-79.9401 -36.1742 358.232
-78.7164 -35.7186 359.591
-109.884 -36.4901 360.442
-108.519 -36.6404 358.355
-79.9401 -36.1742 358.232
-110.272 -34.667 358.746
-78.5876 -34.2295 360.152
-79.5924 -34.0972 358.731
-110.272 -34.667 358.746
-78.5876 -34.2295 360.152
-110.209 -33.5789 357.899
-80.405 -33.182 358.596
-80.405 -33.182 358.596
-82.6505 -31.1921 359.922
-80.0624 -32.3947 360.701
-113.363 -29.9426 360.109
-83.627 -31.2213 358.668
-83.627 -31.2213 358.668
-112.694 -28.6329 359.904
-112.121 -30.6466 359.06
-84.8815 -30.3422 358.44
-84.8815 -30.3422 358.44
-110.579 -29.7746 358.33
-110.334 -27.742 359.37
-85.996 -29.0457 358.87
-111.548 -29.3405 359.007
-111.693 -27.3868 360.13
-108.637 -28.9408 358.179
-110.074 -26.954 359.857
-89.6121 -26.4285 359.053
-88.2496 -27.5377 359.066
-110.334 -27.742 359.37
-108.244 -26.2459 360.062
-110.074 -26.954 359.857
-106.317 -26.6502 359.36
-90.3448 -26.8524 358.265
-88.2496 -27.5377 359.066
-87.6359 -26.3639 359.906
-85.8621 -28.1614 359.927
-106.317 -26.6502 359.36
-104.605 -26.31 359.041
-105.356 -25.6341 360.596
-102.964 -25.0731 359.714
-102.901 -25.4898 358.846
-102.901 -25.4898 358.846
-91.2174 -25.9396 358.629
-91.2174 -25.9396 358.629
-90.7612 -25.2288 359.051
-87.6359 -26.3639 359.906
-101.571 -24.3684 359.755
-100.642 -24.7376 358.577
-100.642 -24.7376 358.577
-101.571 -24.3684 359.755
-98.8222 -24.625 358.574
-99.2818 -24.1188 359.402
-96.7579 -24.1375 359.203
-95.5922 -25.3732 358.07
-93.559 -25.0833 358.631
-92.3512 -25.3893 358.661
-92.3512 -25.3893 358.661
-92.661 -23.876 359.209
-88.6412 -24.3199 359.766
-96.7579 -24.1375 359.203
-95.8584 -23.2912 360.061
-96.7579 -24.1375 359.203
-92.661 -23.876 359.209
-89.7882 -23.4759 359.55
-94.4257 -23.0041 360.024
-92.661 -23.876 359.209
-92.3841 -22.467 359.915
-89.7882 -23.4759 359.55
-90.2059 -22.6282 359.857
-88.5336 -23.3286 360.252
-90.2059 -22.6282 359.857
-94.692 -43.1531 361.819
-94.692 -43.1531 361.819
-91.9505 -43.0496 360.807
-91.9505 -43.0496 360.807
-87.6205 -42.1562 360.366
-103.029 -40.8603 360.722
-99.8885 -42.1295 361.242
-83.8629 -39.9237 358.177
-105.328 -39.9685 360.362
-108.749 -38.1851 361.749
-81.0968 -38.629 359.737
-108.749 -38.1851 361.749
-108.749 -38.1851 361.749
-81.0968 -38.629 359.737
-79.668 -37.1852 359.439
-77.1282 -37.0338 361.504
-77.4038 -35.5966 360.957
-77.1282 -37.0338 361.504
-111.864 -33.4122 359.592
-77.4038 -35.5966 360.957
-78.7164 -35.7186 359.591
-78.5876 -34.2295 360.152
-78.5876 -34.2295 360.152
-114.068 -31.8949 361.304
-111.864 -33.4122 359.592
-79.5584 -33.262 359.784
-80.6857 -31.6691 361.143
-80.0624 -32.3947 360.701
-114.068 -31.8949 361.304
-112.286 -31.7523 359.259
-82.6505 -31.1921 359.922
-114.798 -29.5853 362.027
-113.363 -29.9426 360.109
-83.9814 -30.266 359.896
-83.9814 -30.266 359.896
-83.7835 -28.9225 360.829
-114.104 -28.7179 361.219
-84.9478 -29.2831 359.853
-84.9478 -29.2831 359.853
-81.8937 -28.8081 361.581
-112.694 -28.6329 359.904
-111.693 -27.3868 360.13
-85.8621 -28.1614 359.927
-83.1751 -26.4053 360.934
-81.5142 -27.3463 361.548
-83.1751 -26.4053 360.934
-111.693 -27.3868 360.13
-110.074 -26.954 359.857
-110.074 -26.954 359.857
-110.679 -26.3497 361.113
-86.1101 -27.2553 360.201
-84.9094 -28.0884 360.413
-83.8702 -25.8295 360.887
-83.1751 -26.4053 360.934
-82.5746 -26.0053 361.13
-108.244 -26.2459 360.062
-108.244 -26.2459 360.062
-106.105 -25.9598 360.267
-106.105 -25.9598 360.267
-83.8702 -25.8295 360.887
-83.3907 -25.1349 361.453
-83.3907 -25.1349 361.453
-82.5746 -26.0053 361.13
-104.942 -25.3926 360.983
-103.03 -24.8838 361.25
-101.416 -24.2303 361.092
-87.6359 -26.3639 359.906
-88.6412 -24.3199 359.766
-86.4406 -24.4894 360.767
-83.3907 -25.1349 361.453
-99.2818 -24.1188 359.402
-99.2818 -24.1188 359.402
-97.687 -23.5879 360.32
-88.6412 -24.3199 359.766
-86.9259 -23.6256 361.14
-85.6484 -24.0854 361.575
-85.288 -24.7088 360.984
-97.687 -23.5879 360.32
-95.8584 -23.2912 360.061
-94.5316 -22.4207 360.993
-94.5316 -22.4207 360.993
-94.4257 -23.0041 360.024
-94.4257 -23.0041 360.024
-90.2059 -22.6282 359.857
-88.5336 -23.3286 360.252
-88.5336 -23.3286 360.252
-92.3841 -22.467 359.915
-92.3841 -22.467 359.915
-89.2824 -22.3001 360.96
-89.2824 -22.3001 360.96
-91.9505 -43.0496 360.807
-89.8773 -43.0626 361.478
-90.6251 -43.2342 361.806
-95.8318 -42.7401 360.879
-99.1123 -42.1018 359.787
-94.692 -43.1531 361.819
-89.8773 -43.0626 361.478
-87.6205 -42.1562 360.366
-103.029 -40.8603 360.722
-102.55 -41.4121 362.505
-85.1782 -41.3065 360.208
-84.3013 -42.0359 363.189
-85.1782 -41.3065 360.208
-105.328 -39.9685 360.362
-104.615 -40.8488 362.919
-83.1987 -41.2547 362.173
-81.6431 -39.8178 360.961
-81.6431 -39.8178 360.961
-107.991 -39.3331 363.41
-107.991 -39.3331 363.41
-79.3908 -37.7882 360.243
-79.8906 -39.2369 361.637
-79.3908 -37.7882 360.243
-77.1282 -37.0338 361.504
-75.8097 -37.0307 362.602
-110.498 -37.2798 363.123
-76.4654 -35.7381 361.874
-111.403 -36.2618 362.674
-109.884 -36.4901 360.442
-74.976 -35.3603 363.273
-77.4038 -35.5966 360.957
-76.3678 -33.9484 362.619
-74.976 -35.3603 363.273
-78.6127 -32.6272 361.904
-114.068 -31.8949 361.304
-78.5923 -31.6511 362.544
-115.343 -31.55 363.079
-80.6857 -31.6691 361.143
-80.6857 -31.6691 361.143
-80.2243 -31.187 361.784
-114.42 -30.4163 361.333
-114.42 -30.4163 361.333
-82.6113 -30.4661 360.89
-82.6113 -30.4661 360.89
-82.2728 -29.8444 361.403
-78.5923 -31.6511 362.544
-79.1411 -30.285 362.293
-78.9816 -28.565 362.145
-77.8499 -29.4235 362.481
-114.104 -28.7179 361.219
-77.8499 -29.4235 362.481
-77.2772 -28.2478 362.771
-78.5594 -27.7722 362.272
-114.104 -28.7179 361.219
-113.131 -27.3474 361.421
-78.9816 -28.565 362.145
-80.3296 -27.2615 361.976
-78.5594 -27.7722 362.272
-77.2772 -28.2478 362.771
-113.131 -27.3474 361.421
-113.131 -27.3474 361.421
-111.265 -26.6906 361.024
-110.975 -26.376 362.377
-81.1866 -26.3195 361.945
-81.1866 -26.3195 361.945
-81.1866 -26.3195 361.945
-78.5594 -27.7722 362.272
-78.2046 -27.3752 362.586
-109.106 -26.0596 361.189
-109.106 -26.0596 361.189
-109.106 -26.0596 361.189
-105.356 -25.6341 360.596
-105.685 -25.6025 362.435
-103.976 -25.2451 362.926
-80.7698 -25.9033 362.95
-82.7903 -25.4737 361.299
-103.03 -24.8838 361.25
-103.03 -24.8838 361.25
-101.416 -24.2303 361.092
-85.288 -24.7088 360.984
-83.3907 -25.1349 361.453
-83.3907 -25.1349 361.453
-81.9092 -25.2447 362.887
-80.7698 -25.9033 362.95
-101.416 -24.2303 361.092
-98.5578 -23.6361 360.998
-96.205 -22.9312 362.936
-86.1886 -23.6185 363.007
-86.1886 -23.6185 363.007
-84.0679 -24.4666 361.942
-84.0679 -24.4666 361.942
-84.0185 -24.3301 362.832
-95.9899 -22.9638 361.098
-95.9899 -22.9638 361.098
-87.8436 -23.0187 361.429
-86.1886 -23.6185 363.007
-94.5316 -22.4207 360.993
-91.595 -22.0205 361.304
-91.595 -22.0205 361.304
-89.2824 -22.3001 360.96
-89.2824 -22.3001 360.96
-88.7794 -22.3803 362.194
-96.8843 -42.8928 363.165
-94.692 -43.1531 361.819
-90.6251 -43.2342 361.806
-90.6251 -43.2342 361.806
-90.6251 -43.2342 361.806
-102.55 -41.4121 362.505
-99.8885 -42.1295 361.242
-88.6278 -43.1123 362.798
-86.3354 -42.351 362.265
-104.615 -40.8488 362.919
-84.3013 -42.0359 363.189
-106.03 -40.6138 364.457
-79.8906 -39.2369 361.637
-107.991 -39.3331 363.41
-77.2988 -39.0441 363.09
-109.425 -38.664 364.569
-75.8097 -37.0307 362.602
-75.8097 -37.0307 362.602
-111.672 -36.9428 364.916
-75.0878 -37.1094 363.395
-113.452 -33.5801 361.69
-113.594 -34.7081 363.549
-74.976 -35.3603 363.273
-75.8591 -33.0078 363.052
-115.343 -31.55 363.079
-75.3305 -30.9623 363.335
-78.5923 -31.6511 362.544
-78.5923 -31.6511 362.544
-75.3305 -30.9623 363.335
-115.343 -31.55 363.079
-76.2706 -30.8105 363.004
-78.5923 -31.6511 362.544
-74.8633 -29.8932 363.858
-114.798 -29.5853 362.027
-76.2706 -30.8105 363.004
-75.3305 -30.9623 363.335
-75.5704 -29.2375 363.419
-75.5704 -29.2375 363.419
-115.656 -30.0872 363.519
-75.8101 -28.2718 363.91
-75.8101 -28.2718 363.91
-77.2772 -28.2478 362.771
-74.8633 -29.8932 363.858
-114.924 -28.7132 362.852
-113.657 -27.3735 362.269
-77.2772 -28.2478 362.771
-75.8101 -28.2718 363.91
-113.657 -27.3735 362.269
-112.644 -26.9201 362.586
-110.975 -26.376 362.377
-112.644 -26.9201 362.586
-79.4107 -26.8001 362.759
-79.1799 -26.6133 364.0
-78.2046 -27.3752 362.586
-77.7262 -27.1872 364.183
-76.9869 -27.7118 363.814
-110.493 -26.4881 363.599
-110.493 -26.4881 363.599
-106.851 -25.7108 361.684
-105.685 -25.6025 362.435
-103.976 -25.2451 362.926
-80.7698 -25.9033 362.95
-84.0185 -24.3301 362.832
-84.0185 -24.3301 362.832
-81.9092 -25.2447 362.887
-84.0185 -24.3301 362.832
-89.7561 -23.1098 365.301
-88.7794 -22.3803 362.194
-89.2374 -22.5522 363.236
-86.1886 -23.6185 363.007
-91.4706 -22.0617 362.405
-89.2374 -22.5522 363.236
-88.7794 -22.3803 362.194
-94.7874 -43.3282 363.672
-93.2675 -43.3337 362.26
-94.7874 -43.3282 363.672
-89.8325 -43.4463 364.232
-88.6278 -43.1123 362.798
-96.8843 -42.8928 363.165
-96.8843 -42.8928 363.165
-88.1748 -43.2372 364.095
-84.3013 -42.0359 363.189
-102.55 -41.4121 362.505
-83.1987 -41.2547 362.173
-106.368 -40.028 362.245
-104.664 -41.2121 365.257
-83.1987 -41.2547 362.173
-81.1376 -41.3024 365.562
-80.6838 -40.3349 363.065
-107.426 -40.1048 365.071
-77.2988 -39.0441 363.09
-76.1747 -38.6636 363.626
-76.1747 -38.6636 363.626
-77.2988 -39.0441 363.09
-76.1747 -38.6636 363.626
-110.574 -38.0774 365.469
-110.574 -38.0774 365.469
-76.1747 -38.6636 363.626
-111.672 -36.9428 364.916
-113.594 -34.7081 363.549
-73.1546 -36.0416 365.173
-73.1546 -36.0416 365.173
-73.0201 -34.1101 364.931
-73.0201 -34.1101 364.931
-114.652 -34.2741 364.676
-113.594 -34.7081 363.549
-115.252 -32.6614 363.562
-115.252 -32.6614 363.562
-72.9664 -32.2417 365.417
-115.343 -31.55 363.079
-73.9847 -30.8462 364.61
-116.329 -29.7488 364.98
-115.343 -31.55 363.079
-73.9847 -30.8462 364.61
-74.1322 -31.848 363.965
-116.329 -29.7488 364.98
-116.329 -29.7488 364.98
-115.947 -29.0884 364.983
-115.42 -28.2673 365.82
-75.8101 -28.2718 363.91
-115.309 -28.5599 363.888
-114.208 -27.6449 363.76
-114.208 -27.6449 363.76
-76.9869 -27.7118 363.814
-75.8101 -28.2718 363.91
-76.9869 -27.7118 363.814
-110.493 -26.4881 363.599
-110.493 -26.4881 363.599
-109.734 -26.6754 364.664
-77.7262 -27.1872 364.183
-79.1799 -26.6133 364.0
-105.986 -25.9316 363.791
-103.976 -25.2451 362.926
-104.848 -26.4911 366.778
-81.1338 -25.8015 364.595
-103.976 -25.2451 362.926
-101.388 -24.4777 362.604
-85.0555 -24.1535 364.047
-85.0555 -24.1535 364.047
-81.9092 -25.2447 362.887
-100.194 -24.852 365.184
-100.194 -24.852 365.184
-101.388 -24.4777 362.604
-87.5723 -23.4031 364.191
-98.5188 -23.6807 362.728
-97.9017 -23.914 364.823
-94.9591 -22.4431 362.282
-96.205 -22.9312 362.936
-93.6413 -22.2857 362.757
-91.5785 -22.3023 363.501
-93.6413 -22.2857 362.757
-92.1947 -22.7024 364.781
-89.7561 -23.1098 365.301
-93.0433 -43.4534 364.309
-93.0433 -43.4534 364.309
-89.8325 -43.4463 364.232
-101.159 -42.09 364.336
-95.7708 -43.3321 365.629
-101.159 -42.09 364.336
-106.03 -40.6138 364.457
-107.426 -40.1048 365.071
-104.664 -41.2121 365.257
-81.1376 -41.3024 365.562
-78.9627 -40.7335 366.354
-109.425 -38.664 364.569
-75.1508 -39.1836 365.558
-74.1321 -37.7305 364.937
-113.79 -35.7445 366.507
-113.79 -35.7445 366.507
-72.3173 -33.6235 365.972
-114.652 -34.2741 364.676
-72.1358 -34.853 366.481
-116.322 -31.5683 364.848
-73.0201 -34.1101 364.931
-72.3173 -33.6235 365.972
-72.9664 -32.2417 365.417
-73.9847 -30.8462 364.61
-116.73 -31.1095 365.956
-116.348 -29.135 365.925
-73.6762 -30.8503 366.019
-74.4137 -29.9578 366.187
-116.348 -29.135 365.925
-116.348 -29.135 365.925
-74.4137 -29.9578 366.187
-76.4752 -28.4704 366.531
-113.508 -27.4541 365.038
-113.508 -27.4541 365.038
-113.508 -27.4541 365.038
-112.863 -27.6463 366.297
-113.508 -27.4541 365.038
-111.534 -27.0684 365.144
-109.734 -26.6754 364.664
-105.986 -25.9316 363.791
-105.986 -25.9316 363.791
-79.2952 -27.1985 366.782
-102.44 -25.6884 365.967
-83.6457 -25.5813 367.035
-79.1799 -26.6133 364.0
-85.0555 -24.1535 364.047
-83.4129 -24.7838 364.163
-99.22 -24.9201 366.287
-89.7561 -23.1098 365.301
-85.0555 -24.1535 364.047
-94.2295 -22.8596 365.033
-92.1947 -22.7024 364.781
-92.1947 -22.7024 364.781
-89.7561 -23.1098 365.301
-95.7708 -43.3321 365.629
-95.7708 -43.3321 365.629
-93.0729 -43.5339 366.999
-91.9619 -43.4822 365.988
-89.8325 -43.4463 364.232
-88.1748 -43.2372 364.095
-88.1748 -43.2372 364.095
-84.9291 -42.64 366.026
-102.286 -42.0475 366.9
-84.9291 -42.64 366.026
-83.6657 -42.0742 364.301
-104.664 -41.2121 365.257
-105.044 -41.6185 369.234
-83.6657 -42.0742 364.301
-82.4889 -42.2347 367.968
-76.5357 -39.932 365.726
-107.426 -40.1048 365.071
-109.425 -38.664 364.569
-75.6416 -40.1738 367.483
-74.1537 -38.5897 366.086
-111.672 -36.9428 364.916
-110.034 -39.1664 367.713
-112.089 -37.7778 368.147
-74.1537 -38.5897 366.086
-74.0663 -39.0966 367.275
-74.1537 -38.5897 366.086
-112.089 -37.7778 368.147
-72.1131 -36.5294 368.051
-72.1131 -36.5294 368.051
-115.371 -34.5024 366.834
-73.0414 -37.1849 366.308
-71.771 -34.5133 368.071
-73.1546 -36.0416 365.173
-71.771 -34.5133 368.071
-116.433 -32.9819 366.707
-116.433 -32.9819 366.707
-72.0214 -33.4408 366.77
-72.0214 -33.4408 366.77
-117.302 -30.969 367.404
-116.73 -31.1095 365.956
-72.6184 -32.2259 366.773
-73.6762 -30.8503 366.019
-117.302 -30.969 367.404
-74.4137 -29.9578 366.187
-74.4137 -29.9578 366.187
-117.081 -30.2243 366.87
-117.128 -29.6338 367.853
-74.4137 -29.9578 366.187
-116.348 -29.135 365.925
-115.778 -28.4221 367.355
-115.42 -28.2673 365.82
-79.2952 -27.1985 366.782
-76.4752 -28.4704 366.531
-75.9517 -28.2158 364.991
-106.485 -26.7288 366.231
-106.485 -26.7288 366.231
-99.22 -24.9201 366.287
-102.44 -25.6884 365.967
-81.1338 -25.8015 364.595
-90.8128 -23.0962 366.187
-90.8128 -23.0962 366.187
-89.5831 -24.2064 370.42
-95.5256 -23.4211 366.687
-90.8128 -23.0962 366.187
-98.7414 -42.9776 368.783
-95.6183 -43.6458 368.347
-93.0729 -43.5339 366.999
-86.898 -43.2689 367.48
-98.9104 -42.6178 365.578
-97.4653 -43.0918 367.094
-86.898 -43.2689 367.48
-78.9627 -40.7335 366.354
-108.105 -40.1873 367.167
-78.9627 -40.7335 366.354
-75.6416 -40.1738 367.483
-75.1508 -39.1836 365.558
-73.1985 -39.1004 370.281
-110.034 -39.1664 367.713
-73.1985 -39.1004 370.281
-72.1818 -37.1738 369.335
-114.196 -36.1092 368.294
-72.8345 -37.6485 367.629
-116.086 -34.404 368.916
-71.771 -34.5133 368.071
-72.6184 -32.2259 366.773
-117.302 -30.969 367.404
-116.433 -32.9819 366.707
-73.6986 -30.9893 367.135
-117.49 -31.5514 369.357
-117.302 -30.969 367.404
-76.4752 -28.4704 366.531
-74.6293 -30.6915 368.207
-117.128 -29.6338 367.853
-115.778 -28.4221 367.355
-115.778 -28.4221 367.355
-114.324 -27.9881 366.974
-112.11 -28.3572 368.801
-112.863 -27.6463 366.297
-112.863 -27.6463 366.297
-108.574 -27.0692 366.338
-108.574 -27.0692 366.338
-107.288 -27.3171 367.977
-104.848 -26.4911 366.778
-81.7129 -27.1088 369.403
-99.22 -24.9201 366.287
-85.515 -24.7581 366.841
-83.6457 -25.5813 367.035
-83.8785 -26.4669 370.236
-99.22 -24.9201 366.287
-85.515 -24.7581 366.841
-99.22 -24.9201 366.287
-96.2901 -24.4194 368.632
-87.4018 -24.1018 366.913
-93.4084 -23.1125 366.869
-91.559 -23.4254 368.504
-96.2672 -43.8297 369.758
-98.7414 -42.9776 368.783
-98.7414 -42.9776 368.783
-94.2559 -43.6524 367.971
-93.0246 -43.773 369.159
-93.0729 -43.5339 366.999
-89.6027 -43.4815 370.082
-87.8776 -43.4087 368.151
-87.8776 -43.4087 368.151
-103.447 -42.1399 370.292
-98.7414 -42.9776 368.783
-82.4889 -42.2347 367.968
-82.4889 -42.2347 367.968
-79.7097 -41.4483 368.451
-106.695 -40.8982 367.473
-102.286 -42.0475 366.9
-79.7097 -41.4483 368.451
-79.7097 -41.4483 368.451
-107.614 -41.097 371.181
-75.6416 -40.1738 367.483
-108.105 -40.1873 367.167
-74.2651 -40.1428 370.501
-110.34 -39.8675 370.702
-114.196 -36.1092 368.294
-115.371 -34.5024 366.834
-113.837 -37.571 371.164
-72.1818 -37.1738 369.335
-115.371 -34.5024 366.834
-72.1131 -36.5294 368.051
-71.8429 -35.8962 370.722
-71.771 -34.5133 368.071
-116.833 -33.0966 368.658
-73.3466 -32.3337 370.18
-72.0411 -33.444 370.391
-74.6293 -30.6915 368.207
-74.6293 -30.6915 368.207
-72.8149 -32.088 368.702
-117.128 -29.6338 367.853
-78.4007 -28.5066 368.639
-117.096 -29.4473 369.274
-112.11 -28.3572 368.801
-107.288 -27.3171 367.977
-81.7129 -27.1088 369.403
-80.6683 -28.1494 370.637
-107.419 -27.8057 369.76
-101.965 -26.4219 368.688
-101.965 -26.4219 368.688
-101.965 -26.4219 368.688
-101.486 -26.9735 371.048
-79.9236 -26.492 365.508
-100.396 -26.0453 368.477
-96.2901 -24.4194 368.632
-96.2901 -24.4194 368.632
-88.4729 -24.4805 370.21
-88.4729 -24.4805 370.21
-96.2901 -24.4194 368.632
-94.7002 -23.3859 367.457
-91.559 -23.4254 368.504
-97.0196 -44.1194 372.178
-93.0246 -43.773 369.159
-100.612 -42.8426 371.814
-92.3093 -44.0572 371.122
-85.7075 -43.1655 369.424
-82.7616 -42.7176 372.751
-103.447 -42.1399 370.292
-101.305 -42.463 369.323
-81.0986 -42.2023 369.96
-80.5297 -42.3896 372.533
-105.044 -41.6185 369.234
-76.5092 -40.9708 369.797
-76.5092 -40.9708 369.797
-74.7212 -40.1424 369.119
-111.512 -38.7736 369.647
-74.2651 -40.1428 370.501
-111.512 -38.7736 369.647
-112.089 -37.7778 368.147
-72.1818 -37.1738 369.335
-71.8429 -35.8962 370.722
-116.833 -33.0966 368.658
-117.163 -32.8792 370.19
-71.8429 -35.8962 370.722
-72.0411 -33.444 370.391
-117.49 -31.5514 369.357
-74.736 -32.0335 370.746
-73.3221 -33.5644 372.719
-76.4037 -30.5931 369.942
-76.4037 -30.5931 369.942
-117.49 -31.5514 369.357
-117.571 -31.5457 371.346
-117.487 -30.3537 369.79
-117.096 -29.4473 369.274
-80.6683 -28.1494 370.637
-77.3189 -31.5141 372.442
-112.11 -28.3572 368.801
-115.058 -28.4906 368.911
-109.705 -28.0993 369.307
-112.11 -28.3572 368.801
-109.705 -28.0993 369.307
-110.37 -28.7343 371.222
-107.419 -27.8057 369.76
-82.7274 -27.3295 371.467
-98.7907 -26.5615 371.226
-84.5492 -26.4514 371.401
-82.7274 -27.3295 371.467
-85.665 -25.3671 369.185
-84.5492 -26.4514 371.401
-94.4591 -24.2512 370.098
-91.559 -23.4254 368.504
-92.3093 -44.0572 371.122
-92.3093 -44.0572 371.122
-86.8992 -43.4063 370.65
-86.8992 -43.4063 370.65
-103.447 -42.1399 370.292
-103.447 -42.1399 370.292
-81.0986 -42.2023 369.96
-105.108 -41.9714 372.655
-78.6058 -41.7954 371.154
-110.607 -40.0987 372.426
-107.614 -41.097 371.181
-75.9243 -41.1401 371.4
-74.2651 -40.1428 370.501
-110.607 -40.0987 372.426
-73.1732 -38.9213 372.379
-73.1732 -38.9213 372.379
-73.1732 -38.9213 372.379
-112.808 -38.7691 372.34
-72.1798 -36.4975 372.398
-72.5807 -37.0691 372.986
-72.4267 -37.6146 371.267
-115.246 -36.216 371.165
-114.429 -37.2908 372.421
-115.101 -36.6649 373.433
-71.8429 -35.8962 370.722
-117.163 -32.8792 370.19
-116.099 -35.4616 373.838
-72.096 -34.6534 371.952
-117.163 -32.8792 370.19
-75.9343 -31.9094 371.536
-75.9343 -31.9094 371.536
-75.9813 -33.0812 373.925
-75.2006 -32.7623 372.607
-75.9343 -31.9094 371.536
-116.9 -29.4665 370.588
-116.9 -29.4665 370.588
-79.734 -29.7418 373.049
-116.9 -29.4665 370.588
-116.143 -28.8316 369.103
-115.058 -28.4906 368.911
-110.878 -29.3721 373.588
-110.37 -28.7343 371.222
-106.964 -28.054 371.177
-106.964 -28.054 371.177
-78.5092 -29.7589 371.13
-106.964 -28.054 371.177
-104.325 -27.3218 370.563
-104.325 -27.3218 370.563
-104.325 -27.3218 370.563
-82.7274 -27.3295 371.467
-79.734 -29.7418 373.049
-82.8476 -27.7292 373.344
-98.7907 -26.5615 371.226
-98.7907 -26.5615 371.226
-84.6724 -26.5956 372.606
-98.7907 -26.5615 371.226
-97.8779 -25.5668 369.558
-95.3216 -26.4311 374.516
-86.4073 -25.8967 373.727
-84.6724 -26.5956 372.606
-95.6118 -25.1755 371.106
-91.1524 -24.5938 372.51
-89.5831 -24.2064 370.42
-88.4729 -24.4805 370.21
-94.4591 -24.2512 370.098
-91.1524 -24.5938 372.51
-89.5831 -24.2064 370.42
-97.0196 -44.1194 372.178
-94.6677 -44.3287 371.355
-94.6677 -44.3287 371.355
-92.3093 -44.0572 371.122
-93.621 -44.4814 373.111
-91.3542 -44.2055 374.42
-89.6027 -43.4815 370.082
-89.6027 -43.4815 370.082
-80.5297 -42.3896 372.533
-82.7616 -42.7176 372.751
-80.5297 -42.3896 372.533
-77.9506 -42.0418 373.186
-108.868 -40.8758 373.633
-108.868 -40.8758 373.633
-75.9243 -41.1401 371.4
-110.607 -40.0987 372.426
-74.1794 -40.0104 373.706
-112.808 -38.7691 372.34
-110.607 -40.0987 372.426
-112.808 -38.7691 372.34
-73.1732 -38.9213 372.379
-72.5807 -37.0691 372.986
-114.208 -37.5458 373.634
-114.208 -37.5458 373.634
-72.1798 -36.4975 372.398
-72.4446 -35.1642 372.934
-72.1798 -36.4975 372.398
-72.4446 -35.1642 372.934
-75.9813 -33.0812 373.925
-117.571 -31.5457 371.346
-73.3221 -33.5644 372.719
-76.9872 -32.1462 373.16
-117.155 -30.4096 373.691
-117.455 -31.6704 373.83
-77.3189 -31.5141 372.442
-117.155 -30.4096 373.691
-115.977 -29.3533 372.212
-114.399 -29.0585 371.759
-115.065 -29.557 373.926
-110.878 -29.3721 373.588
-106.739 -28.5842 374.147
-79.734 -29.7418 373.049
-102.803 -27.64 373.375
-99.4176 -27.4722 373.756
-96.4695 -26.3167 372.904
-98.0835 -27.4878 374.739
-84.6724 -26.5956 372.606
-83.7282 -27.3195 374.742
-95.6118 -25.1755 371.106
-87.512 -25.0122 371.126
-91.1524 -24.5938 372.51
-91.1524 -24.5938 372.51
-88.9173 -25.0038 373.26
-88.9173 -25.0038 373.26
-96.2746 -44.3811 373.604
-96.2746 -44.3811 373.604
-93.621 -44.4814 373.111
-93.621 -44.4814 373.111
-100.612 -42.8426 371.814
-99.7639 -43.5983 374.862
-88.7087 -43.6139 374.763
-84.6116 -43.2222 373.025
-84.7799 -43.26 375.298
-82.4431 -42.6788 374.599
-106.264 -41.7474 375.087
-105.108 -41.9714 372.655
-105.108 -41.9714 372.655
-100.612 -42.8426 371.814
-78.9793 -42.3078 374.422
-77.9506 -42.0418 373.186
-75.5278 -41.1033 373.472
-108.868 -40.8758 373.633
-75.8843 -41.1094 375.311
-114.208 -37.5458 373.634
-114.208 -37.5458 373.634
-73.3923 -38.4492 374.104
-115.101 -36.6649 373.433
-114.978 -36.369 375.359
-73.5273 -36.3935 375.678
-73.4493 -37.3551 375.298
-73.2986 -35.1885 374.473
-72.7667 -36.1558 373.856
-116.099 -35.4616 373.838
-116.099 -35.4616 373.838
-73.2986 -35.1885 374.473
-73.2986 -35.1885 374.473
-72.4446 -35.1642 372.934
-75.9813 -33.0812 373.925
-76.2503 -33.6246 376.387
-74.3793 -34.1925 374.899
-117.455 -31.6704 373.83
-117.33 -31.7732 375.465
-77.1705 -32.8028 375.457
-78.4715 -31.2095 374.09
-77.1705 -32.8028 375.457
-117.455 -31.6704 373.83
-116.764 -30.4869 375.335
-79.734 -29.7418 373.049
-116.608 -30.064 374.164
-116.608 -30.064 374.164
-110.878 -29.3721 373.588
-110.878 -29.3721 373.588
-81.1388 -29.24 374.984
-102.803 -27.64 373.375
-102.803 -27.64 373.375
-99.4176 -27.4722 373.756
-98.0835 -27.4878 374.739
-99.4176 -27.4722 373.756
-83.7282 -27.3195 374.742
-92.7967 -25.0558 373.238
-93.1492 -25.6977 374.973
-89.3838 -25.6209 376.358
-91.8593 -25.1491 374.073
-89.3838 -25.6209 376.358
-97.8615 -44.1989 375.233
-91.3542 -44.2055 374.42
-91.3542 -44.2055 374.42
-103.312 -42.7518 375.827
-103.312 -42.7518 375.827
-99.7639 -43.5983 374.862
-101.557 -43.1788 375.221
-97.8615 -44.1989 375.233
-99.7371 -43.6651 376.162
-88.7087 -43.6139 374.763
-85.9744 -43.4503 374.277
-85.9744 -43.4503 374.277
-82.4431 -42.6788 374.599
-103.312 -42.7518 375.827
-82.4431 -42.6788 374.599
-82.4431 -42.6788 374.599
-78.9793 -42.3078 374.422
-106.264 -41.7474 375.087
-108.868 -40.8758 373.633
-78.0729 -42.0978 375.488
-108.994 -40.6841 375.186
-75.2989 -40.115 376.612
-112.402 -39.0869 374.466
-109.885 -40.0119 376.288
-74.2581 -38.6034 376.414
-74.1794 -40.0104 373.706
-112.764 -37.9047 376.466
-112.764 -37.9047 376.466
-74.2581 -38.6034 376.414
-114.978 -36.369 375.359
-73.5273 -36.3935 375.678
-74.3312 -35.8387 377.168
-74.3793 -34.1925 374.899
-116.299 -34.3795 376.325
-117.33 -31.7732 375.465
-116.915 -31.3605 376.317
-117.33 -31.7732 375.465
-117.33 -31.7732 375.465
-116.915 -31.3605 376.317
-116.764 -30.4869 375.335
-115.065 -29.557 373.926
-115.065 -29.557 373.926
-109.905 -29.381 374.384
-79.3989 -30.8995 375.867
-109.066 -29.6758 377.981
-109.905 -29.381 374.384
-106.739 -28.5842 374.147
-81.1388 -29.24 374.984
-82.8476 -27.7292 373.344
-106.739 -28.5842 374.147
-83.2064 -27.7188 375.858
-98.0835 -27.4878 374.739
-95.3216 -26.4311 374.516
-96.0814 -26.9712 376.222
-86.4073 -25.8967 373.727
-95.3216 -26.4311 374.516
-95.3216 -26.4311 374.516
-93.1492 -25.6977 374.973
-91.8593 -25.1491 374.073
-87.6972 -25.6057 374.758
-86.4073 -25.8967 373.727
-86.4073 -25.8967 373.727
-91.8593 -25.1491 374.073
-95.4553 -44.4386 375.475
-93.0605 -44.4672 375.305
-93.0605 -44.4672 375.305
-91.9556 -44.1697 376.737
-91.9556 -44.1697 376.737
-99.7371 -43.6651 376.162
-97.9221 -43.9854 377.444
-97.9221 -43.9854 377.444
-90.0043 -43.5346 377.767
-89.3817 -43.7164 376.041
-89.3817 -43.7164 376.041
-84.7799 -43.26 375.298
-84.7799 -43.26 375.298
-104.429 -42.3133 377.322
-80.0523 -42.4045 375.237
-78.0729 -42.0978 375.488
-106.683 -41.4419 376.927
-104.429 -42.3133 377.322
-78.0729 -42.0978 375.488
-78.0729 -42.0978 375.488
-108.273 -40.6269 377.079
-75.2989 -40.115 376.612
-109.691 -39.2425 378.183
-75.5878 -38.9857 378.689
-74.9632 -36.7579 378.869
-73.4493 -37.3551 375.298
-74.2581 -38.6034 376.414
-113.853 -37.509 375.3
-74.3312 -35.8387 377.168
-73.5273 -36.3935 375.678
-114.978 -36.369 375.359
-114.978 -36.369 375.359
-116.299 -34.3795 376.325
-116.299 -34.3795 376.325
-76.2503 -33.6246 376.387
-116.299 -34.3795 376.325
-116.273 -33.4963 377.851
-77.9189 -32.5962 377.565
-116.952 -32.8287 376.368
-116.414 -31.7238 378.14
-79.3989 -30.8995 375.867
-77.9189 -32.5962 377.565
-116.339 -31.1386 377.855
-116.339 -31.1386 377.855
-116.309 -30.3566 376.654
-112.515 -29.5927 374.17
-106.967 -29.2991 378.532
-83.2064 -27.7188 375.858
-102.017 -27.8939 375.482
-99.0886 -27.7257 375.691
-99.0886 -27.7257 375.691
-98.0835 -27.4878 374.739
-99.0886 -27.7257 375.691
-96.0814 -26.9712 376.222
-84.5173 -26.8747 376.362
-84.5173 -26.8747 376.362
-91.8814 -25.6191 375.958
-91.8814 -25.6191 375.958
-91.8814 -25.6191 375.958
-97.9221 -43.9854 377.444
-97.1783 -43.6001 379.197
-95.2687 -44.083 377.746
-92.6776 -44.0351 377.589
-90.0043 -43.5346 377.767
-87.5895 -42.9211 378.946
-87.5895 -42.9211 378.946
-104.429 -42.3133 377.322
-102.49 -43.066 377.696
-84.1032 -42.8095 377.135
-84.1032 -42.8095 377.135
-81.2039 -41.8141 378.777
-81.2039 -41.8141 378.777
-106.643 -40.9971 378.862
-77.8271 -41.1377 378.313
-109.691 -39.2425 378.183
-106.643 -40.9971 378.862
-76.7414 -41.1581 376.933
-76.7414 -41.1581 376.933
-108.273 -40.6269 377.079
-75.5878 -38.9857 378.689
-109.691 -39.2425 378.183
-75.5878 -38.9857 378.689
-112.764 -37.9047 376.466
-112.764 -37.9047 376.466
-74.2581 -38.6034 376.414
-113.901 -36.1636 377.411
-112.764 -37.9047 376.466
-113.901 -36.1636 377.411
-75.2902 -35.2815 378.839
-74.3958 -34.8803 376.251
-75.875 -34.1109 377.474
-77.9189 -32.5962 377.565
-77.9189 -32.5962 377.565
-76.8063 -33.6291 379.217
-116.273 -33.4963 377.851
-115.358 -31.5118 379.561
-77.9189 -32.5962 377.565
-80.8403 -29.8456 377.161
-116.339 -31.1386 377.855
-116.339 -31.1386 377.855
-116.339 -31.1386 377.855
-115.819 -30.0156 376.463
-113.993 -29.8247 377.238
-110.994 -29.681 375.603
-110.994 -29.681 375.603
-106.967 -29.2991 378.532
-82.029 -28.7936 378.135
-103.451 -28.1706 375.977
-106.982 -28.9638 376.262
-104.479 -28.9444 379.704
-101.692 -28.0491 377.884
-83.6396 -27.4259 379.806
-92.9526 -26.0304 377.73
-83.6396 -27.4259 379.806
-85.0235 -26.6027 378.674
-89.3838 -25.6209 376.358
-89.3838 -25.6209 376.358
-100.57 -43.4521 378.17
-100.57 -43.4521 378.17
-97.1783 -43.6001 379.197
-92.6776 -44.0351 377.589
-94.5538 -42.8962 380.554
-87.5895 -42.9211 378.946
-89.3933 -42.0542 380.503
-86.501 -42.1754 380.135
-85.5304 -43.0743 377.671
-83.7134 -42.0588 379.226
-103.731 -42.0999 379.74
-103.731 -42.0999 379.74
-105.039 -41.0222 380.807
-83.7134 -42.0588 379.226
-83.7134 -42.0588 379.226
-79.4772 -41.0266 379.68
-109.691 -39.2425 378.183
-77.8271 -41.1377 378.313
-76.8649 -39.8986 379.294
-108.834 -38.9559 379.855
-109.691 -39.2425 378.183
-74.9632 -36.7579 378.869
-75.7783 -35.3308 380.083
-75.2902 -35.2815 378.839
-74.3312 -35.8387 377.168
-112.972 -34.7637 380.362
-76.2655 -34.2946 379.686
-115.353 -34.2335 378.422
-115.353 -34.2335 378.422
-76.2655 -34.2946 379.686
-115.03 -33.2504 379.775
-116.273 -33.4963 377.851
-115.358 -31.5118 379.561
-76.8063 -33.6291 379.217
-114.897 -30.4629 378.948
-114.897 -30.4629 378.948
-112.594 -30.0288 379.081
-109.066 -29.6758 377.981
-112.594 -30.0288 379.081
-109.066 -29.6758 377.981
-102.748 -28.6911 381.44
-80.6383 -30.2068 381.992
-82.6166 -28.3022 381.469
-101.692 -28.0491 377.884
-97.8702 -27.3459 380.769
-82.6166 -28.3022 381.469
-97.4997 -27.4859 377.385
-85.0235 -26.6027 378.674
-92.9526 -26.0304 377.73
-91.2634 -25.8292 377.995
-87.8396 -25.9547 380.038
-91.2634 -25.8292 377.995
-86.2025 -26.0885 376.629
-86.2025 -26.0885 376.629
-86.4567 -26.1986 381.114
-101.838 -42.914 379.965
-99.9648 -42.9664 381.398
-97.1783 -43.6001 379.197
-98.7026 -43.0264 381.355
-96.1717 -42.8739 381.084
-102.064 -42.0832 381.827
-99.9648 -42.9664 381.398
-100.885 -42.0533 382.721
-94.5538 -42.8962 380.554
-103.731 -42.0999 379.74
-102.064 -42.0832 381.827
-91.7613 -42.7623 379.797
-89.3933 -42.0542 380.503
-86.501 -42.1754 380.135
-83.7134 -42.0588 379.226
-81.2039 -41.8141 378.777
-81.2264 -40.2451 381.46
-79.4772 -41.0266 379.68
-79.4523 -39.6493 381.508
-106.657 -40.5646 380.031
-106.167 -39.9611 381.805
-76.8649 -39.8986 379.294
-76.8649 -39.8986 379.294
-75.4624 -37.883 379.501
-75.4624 -37.883 379.501
-110.698 -37.7166 379.293
-110.698 -37.7166 379.293
-107.51 -38.8849 381.949
-75.4624 -37.883 379.501
-110.698 -37.7166 379.293
-111.901 -36.3139 379.678
-110.104 -36.2718 382.045
-76.4998 -35.2016 381.524
-76.0036 -36.8664 380.848
-75.7783 -35.3308 380.083
-115.03 -33.2504 379.775
-77.144 -34.3027 382.251
-113.786 -32.2181 381.08
-113.786 -32.2181 381.08
-114.592 -32.6733 380.422
-113.231 -31.379 381.108
-80.253 -30.5432 378.975
-115.358 -31.5118 379.561
-113.97 -30.9348 380.229
-113.06 -30.2236 379.586
-113.06 -30.2236 379.586
-111.508 -30.7 381.125
-78.767 -32.1171 381.359
-110.618 -30.1454 380.314
-106.967 -29.2991 378.532
-105.952 -29.5831 381.882
-81.4305 -29.5029 382.915
-100.59 -27.9661 379.975
-98.9419 -27.7475 378.198
-100.59 -27.9661 379.975
-94.3758 -26.4466 377.804
-94.3758 -26.4466 377.804
-86.4567 -26.1986 381.114
-92.9526 -26.0304 377.73
-87.8396 -25.9547 380.038
-99.9648 -42.9664 381.398
-98.7026 -43.0264 381.355
-96.1717 -42.8739 381.084
-95.5812 -41.7723 383.112
-100.885 -42.0533 382.721
-91.0697 -41.216 381.936
-88.6489 -40.8825 382.084
-86.501 -42.1754 380.135
-106.657 -40.5646 380.031
-105.039 -41.0222 380.807
-105.039 -41.0222 380.807
-83.9567 -40.2513 382.399
-83.4839 -41.141 381.103
-83.0991 -40.3834 381.994
-81.2264 -40.2451 381.46
-106.167 -39.9611 381.805
-104.626 -39.9029 383.093
-81.2264 -40.2451 381.46
-79.4523 -39.6493 381.508
-79.4523 -39.6493 381.508
-79.4512 -38.223 382.932
-79.4512 -38.223 382.932
-109.353 -37.6004 381.218
-107.51 -38.8849 381.949
-76.3774 -37.8042 380.918
-77.8221 -38.5883 381.672
-77.2754 -36.5635 382.747
-77.2754 -36.5635 382.747
-110.104 -36.2718 382.045
-111.584 -34.8615 381.806
-77.144 -34.3027 382.251
-113.546 -33.7467 380.828
-113.546 -33.7467 380.828
-112.307 -33.0556 382.029
-113.546 -33.7467 380.828
-78.767 -32.1171 381.359
-77.144 -34.3027 382.251
-78.514 -33.0938 383.209
-113.786 -32.2181 381.08
-111.024 -32.1203 383.03
-111.024 -32.1203 383.03
-111.508 -30.7 381.125
-110.75 -31.1294 382.336
-111.508 -30.7 381.125
-79.1184 -32.0099 382.7
-109.849 -30.4722 381.792
-105.952 -29.5831 381.882
-105.952 -29.5831 381.882
-104.479 -28.9444 379.704
-81.4305 -29.5029 382.915
-98.8018 -27.6136 383.269
-84.4455 -27.1188 381.405
-84.4455 -27.1188 381.405
-97.8702 -27.3459 380.769
-94.4843 -26.1381 384.041
-84.4455 -27.1188 381.405
-90.9276 -25.866 381.178
-99.352 -41.834 383.437
-98.0815 -41.9563 383.225
-96.1717 -42.8739 381.084
-103.227 -41.191 382.174
-100.885 -42.0533 382.721
-99.352 -41.834 383.437
-94.8102 -40.8134 384.17
-93.4105 -41.8589 381.952
-94.8102 -40.8134 384.17
-103.227 -41.191 382.174
-103.227 -41.191 382.174
-91.0697 -41.216 381.936
-91.2294 -39.3628 384.676
-89.3446 -39.1466 384.502
-88.6489 -40.8825 382.084
-86.2161 -40.6964 382.249
-87.8805 -39.3551 383.983
-85.329 -39.2187 383.787
-83.9567 -40.2513 382.399
-83.0991 -40.3834 381.994
-106.097 -39.2196 383.057
-104.626 -39.9029 383.093
-82.8771 -38.6534 383.674
-79.4512 -38.223 382.932
-107.448 -37.8384 383.481
-78.52 -36.168 383.877
-78.52 -36.168 383.877
-79.3984 -37.1348 383.792
-110.104 -36.2718 382.045
-108.047 -36.0722 384.92
-76.9815 -35.7106 382.576
-111.584 -34.8615 381.806
-111.584 -34.8615 381.806
-77.144 -34.3027 382.251
-76.9815 -35.7106 382.576
-76.4998 -35.2016 381.524
-112.01 -33.9893 382.015
-78.1459 -34.2398 383.535
-110.76 -33.6092 383.534
-79.1184 -32.0099 382.7
-111.024 -32.1203 383.03
-110.75 -31.1294 382.336
-110.75 -31.1294 382.336
-109.849 -30.4722 381.792
-80.6383 -30.2068 381.992
-105.952 -29.5831 381.882
-105.952 -29.5831 381.882
-80.2815 -31.2883 383.928
-102.748 -28.6911 381.44
-102.05 -28.7058 384.242
-82.6166 -28.3022 381.469
-84.4455 -27.1188 381.405
-96.1096 -26.7151 382.23
-86.4567 -26.1986 381.114
-84.2941 -27.574 384.442
-93.8975 -26.0776 381.248
-90.9276 -25.866 381.178
-88.7037 -25.9173 381.294
-90.9276 -25.866 381.178
-86.4567 -26.1986 381.114
-86.4567 -26.1986 381.114
-100.741 -40.719 384.517
-99.352 -41.834 383.437
-98.0815 -41.9563 383.225
-99.0941 -40.5984 384.899
-95.8312 -40.259 384.988
-94.8102 -40.8134 384.17
-92.8751 -39.6326 384.802
-100.741 -40.719 384.517
-94.8102 -40.8134 384.17
-106.097 -39.2196 383.057
-106.061 -37.8207 384.838
-104.626 -39.9029 383.093
-87.8805 -39.3551 383.983
-87.3293 -38.328 384.952
-82.8771 -38.6534 383.674
-107.448 -37.8384 383.481
-82.8771 -38.6534 383.674
-82.7228 -37.158 385.065
-79.4512 -38.223 382.932
-81.3235 -36.5296 384.95
-81.3235 -36.5296 384.95
-79.3984 -37.1348 383.792
-110.579 -34.5755 383.314
-79.6408 -33.9964 384.609
-81.0647 -32.8627 385.526
-78.52 -36.168 383.877
-78.1343 -35.3646 383.77
-78.52 -36.168 383.877
-109.241 -33.1975 385.447
-78.1459 -34.2398 383.535
-79.6408 -33.9964 384.609
-109.241 -33.1975 385.447
-110.76 -33.6092 383.534
-108.877 -32.4896 385.694
-79.3785 -33.1098 384.211
-80.6939 -31.8372 384.965
-78.514 -33.0938 383.209
-80.2815 -31.2883 383.928
-80.2815 -31.2883 383.928
-108.361 -30.2427 382.832
-104.59 -29.4144 383.443
-81.2942 -30.5645 384.939
-81.2942 -30.5645 384.939
-80.2815 -31.2883 383.928
-100.731 -28.3796 385.303
-83.1245 -28.1785 383.752
-82.0585 -29.0528 383.614
-98.8018 -27.6136 383.269
-98.8018 -27.6136 383.269
-84.1989 -28.2225 386.121
-96.1096 -26.7151 382.23
-85.2264 -27.3985 385.82
-92.5855 -25.894 383.089
-94.4843 -26.1381 384.041
-89.2978 -25.9133 383.79
-89.2978 -25.9133 383.79
-103.127 -39.371 384.608
-102.586 -37.9809 386.218
-99.0941 -40.5984 384.899
-99.3832 -39.6344 385.759
-99.0941 -40.5984 384.899
-95.8312 -40.259 384.988
-92.8751 -39.6326 384.802
-103.127 -39.371 384.608
-105.263 -37.5648 385.534
-99.1729 -37.7865 387.285
-95.8312 -40.259 384.988
-97.6163 -37.3759 387.491
-95.2523 -37.9331 386.68
-95.2523 -37.9331 386.68
-95.2523 -37.9331 386.68
-91.2294 -39.3628 384.676
-91.2294 -39.3628 384.676
-91.6191 -37.6878 386.151
-89.3446 -39.1466 384.502
-106.78 -35.9615 386.106
-106.061 -37.8207 384.838
-91.6191 -37.6878 386.151
-89.466 -36.7584 386.471
-87.3293 -38.328 384.952
-87.3293 -38.328 384.952
-86.4434 -36.9892 385.931
-108.047 -36.0722 384.92
-106.78 -35.9615 386.106
-102.586 -37.9809 386.218
-89.1262 -37.8227 385.693
-86.4434 -36.9892 385.931
-84.1306 -37.3095 385.32
-82.7228 -37.158 385.065
-83.1668 -35.3376 386.207
-82.7228 -37.158 385.065
-108.047 -36.0722 384.92
-81.894 -34.3714 385.889
-81.3235 -36.5296 384.95
-109.504 -34.6045 384.671
-109.504 -34.6045 384.671
-109.241 -33.1975 385.447
-82.5073 -31.8805 386.472
-109.686 -31.8086 384.218
-108.877 -32.4896 385.694
-81.0647 -32.8627 385.526
-80.6939 -31.8372 384.965
-109.686 -31.8086 384.218
-109.196 -31.0354 383.759
-105.848 -30.0781 386.381
-83.0385 -29.574 386.43
-80.6939 -31.8372 384.965
-106.884 -30.1467 384.781
-81.2942 -30.5645 384.939
-102.05 -28.7058 384.242
-104.59 -29.4144 383.443
-102.05 -28.7058 384.242
-82.6199 -29.1403 385.149
-100.731 -28.3796 385.303
-84.1989 -28.2225 386.121
-97.7669 -27.2465 384.672
-94.4843 -26.1381 384.041
-87.5153 -26.1769 384.565
-85.2264 -27.3985 385.82
-91.9186 -25.843 385.006
-87.5153 -26.1769 384.565
-95.8384 -36.8145 387.538
-92.7245 -37.1059 386.618
-103.581 -36.9669 386.63
-102.586 -37.9809 386.218
-100.728 -37.5374 387.279
-90.769 -35.1845 387.36
-89.466 -36.7584 386.471
-89.466 -36.7584 386.471
-86.7211 -36.2404 386.49
-106.78 -35.9615 386.106
-106.78 -35.9615 386.106
-88.1437 -34.8832 387.372
-86.7211 -36.2404 386.49
-84.4883 -36.1603 386.26
-85.1079 -34.65 386.938
-84.4883 -36.1603 386.26
-107.676 -34.6772 386.357
-92.7245 -37.1059 386.618
-88.1437 -34.8832 387.372
-83.1668 -35.3376 386.207
-83.1668 -35.3376 386.207
-108.4 -33.5179 386.268
-86.6371 -32.6672 387.913
-86.6371 -32.6672 387.913
-81.894 -34.3714 385.889
-109.241 -33.1975 385.447
-107.481 -31.9289 386.77
-107.481 -31.9289 386.77
-107.481 -31.9289 386.77
-83.2372 -33.8013 386.614
-106.371 -31.6771 387.684
-83.2372 -33.8013 386.614
-107.544 -31.1744 386.135
-107.544 -31.1744 386.135
-82.5073 -31.8805 386.472
-82.6724 -30.7103 386.513
-105.848 -30.0781 386.381
-105.848 -30.0781 386.381
-103.2 -29.1409 387.973
-83.0385 -29.574 386.43
-82.6724 -30.7103 386.513
-101.358 -28.565 387.242
-100.731 -28.3796 385.303
-84.0995 -29.32 387.102
-83.0385 -29.574 386.43
-100.124 -28.1631 388.178
-85.2347 -28.424 387.473
-84.1989 -28.2225 386.121
-94.3086 -26.1651 386.565
-88.4953 -26.1747 387.154
-86.3377 -27.5681 387.625
-92.1851 -25.8952 388.246
-91.9186 -25.843 385.006
-100.728 -37.5374 387.279
-99.0437 -36.5735 388.023
-97.6163 -37.3759 387.491
-101.597 -36.5599 387.641
-101.597 -36.5599 387.641
-99.0437 -36.5735 388.023
-97.6163 -37.3759 387.491
-95.8384 -36.8145 387.538
-95.8384 -36.8145 387.538
-105.888 -34.4125 387.282
-103.363 -35.7758 387.449
-100.142 -35.3954 388.605
-96.8697 -34.5 388.803
-95.8384 -36.8145 387.538
-93.2234 -34.5122 388.038
-90.769 -35.1845 387.36
-106.842 -33.3515 387.294
-104.636 -33.3472 388.282
-103.363 -35.7758 387.449
-93.2234 -34.5122 388.038
-92.404 -31.9716 389.221
-91.9158 -33.5151 388.356
-88.1437 -34.8832 387.372
-86.976 -34.0919 387.56
-106.842 -33.3515 387.294
-104.128 -32.1701 389.104
-90.0375 -33.5344 388.186
-89.1637 -32.3789 388.6
-86.976 -34.0919 387.56
-104.607 -30.9852 388.865
-106.371 -31.6771 387.684
-89.1637 -32.3789 388.6
-89.1637 -32.3789 388.6
-84.697 -31.5774 387.574
-105.371 -30.4188 387.686
-105.371 -30.4188 387.686
-87.9275 -31.3677 388.589
-87.9275 -31.3677 388.589
-84.5108 -30.1603 387.662
-105.371 -30.4188 387.686
-103.2 -29.1409 387.973
-104.538 -29.8119 387.491
-101.358 -28.565 387.242
-101.358 -28.565 387.242
-87.626 -27.4008 388.781
-85.2347 -28.424 387.473
-84.5108 -30.1603 387.662
-84.0995 -29.32 387.102
-99.2055 -28.0307 389.368
-97.3701 -27.2526 389.576
-86.3377 -27.5681 387.625
-85.2347 -28.424 387.473
-97.9242 -27.2361 387.666
-88.9567 -26.4182 388.682
-88.9567 -26.4182 388.682
-87.626 -27.4008 388.781
-95.3075 -26.587 388.328
-90.4076 -25.8528 387.175
-88.9567 -26.4182 388.682
-90.4417 -26.0071 388.945
-100.859 -33.8768 389.246
-100.142 -35.3954 388.605
-99.0437 -36.5735 388.023
-99.4062 -32.5544 390.084
-103.363 -35.7758 387.449
-96.8697 -34.5 388.803
-95.136 -33.2823 389.085
-104.128 -32.1701 389.104
-102.991 -31.4598 389.858
-100.639 -31.7562 390.372
-100.639 -31.7562 390.372
-102.991 -31.4598 389.858
-100.639 -31.7562 390.372
-94.3101 -30.338 390.472
-93.0051 -30.9773 389.846
-89.1637 -32.3789 388.6
-104.284 -30.1995 388.591
-102.927 -30.0681 389.501
-102.469 -30.4023 390.082
-89.8768 -30.356 389.543
-89.1637 -32.3789 388.6
-103.24 -29.4301 388.661
-102.469 -30.4023 390.082
-101.303 -29.4164 390.056
-101.638 -28.8803 388.779
-101.303 -29.4164 390.056
-101.303 -29.4164 390.056
-101.638 -28.8803 388.779
-99.2055 -28.0307 389.368
-100.083 -28.7045 389.777
-89.5873 -27.6262 390.266
-86.7152 -29.6942 388.514
-88.6304 -29.2898 389.518
-88.6571 -27.3558 389.482
-89.7434 -26.7415 390.045
-88.5295 -28.3088 389.642
-95.3075 -26.587 388.328
-93.3372 -26.1435 388.921
-94.2006 -26.7069 389.825
-88.6571 -27.3558 389.482
-88.6571 -27.3558 389.482
-92.4179 -26.273 390.012
-90.4417 -26.0071 388.945
-92.1851 -25.8952 388.246
-90.4518 -26.1922 389.713
-88.9567 -26.4182 388.682
-102.991 -31.4598 389.858
-97.3163 -32.0383 390.184
-97.8602 -30.4068 390.844
-97.3163 -32.0383 390.184
-102.991 -31.4598 389.858
-99.5477 -29.5775 390.656
-97.8602 -30.4068 390.844
-97.3163 -32.0383 390.184
-94.3101 -30.338 390.472
-101.303 -29.4164 390.056
-99.5477 -29.5775 390.656
-97.8602 -30.4068 390.844
-95.1408 -29.5214 390.967
-93.1858 -29.4137 390.715
-93.0051 -30.9773 389.846
-93.0051 -30.9773 389.846
-89.8768 -30.356 389.543
-99.5477 -29.5775 390.656
-98.9662 -28.4803 390.31
-98.9662 -28.4803 390.31
-97.1681 -28.2046 390.758
-95.1408 -29.5214 390.967
-94.8404 -28.3142 391.061
-93.1858 -29.4137 390.715
-92.3301 -28.2501 390.902
-89.9431 -28.875 390.3
-88.6304 -29.2898 389.518
-97.3701 -27.2526 389.576
-97.1681 -28.2046 390.758
-96.6741 -27.5078 390.455
-94.8404 -28.3142 391.061
-93.4424 -27.2972 390.726
-92.3301 -28.2501 390.902
-91.2647 -27.3474 390.766
-89.9431 -28.875 390.3
-89.5873 -27.6262 390.266
-94.2006 -26.7069 389.825
-93.4424 -27.2972 390.726
-92.4179 -26.273 390.012
-91.5143 -26.5775 390.473
-91.5143 -26.5775 390.473
-89.7434 -26.7415 390.045
-89.7434 -26.7415 390.045
-89.5873 -27.6262 390.266
-90.4518 -26.1922 389.713
